20
8          0 3 4 3 4 4 3 4 2 4 5 4 4 4 4 4 4 4 5 5
6          3 0 1 2 5 5 2 4 2 2 5 4 3 5 2 4 5 3 4 4
30         4 1 0 3 5 4 3 4 3 1 4 4 3 5 2 4 4 4 5 4
25         3 2 3 0 4 4 1 3 3 4 4 4 2 4 4 3 4 1 5 4
21         4 5 5 4 0 3 4 3 4 6 5 4 3 0 6 4 3 5 4 4
22         4 5 4 4 3 0 4 3 4 5 3 1 3 3 6 4 3 5 2 2
16         3 2 3 1 4 4 0 3 2 3 4 3 1 3 3 3 3 1 4 4
20         4 4 4 3 3 3 3 0 2 5 2 4 3 3 5 1 2 4 2 1
50         2 2 3 3 4 4 2 2 0 4 3 4 4 4 3 2 3 4 3 3
48         4 2 1 4 6 5 3 5 4 0 5 5 4 6 3 5 4 5 5 5
56         5 5 4 4 5 3 4 2 3 5 0 3 4 5 6 2 4 5 2 1
38         4 4 4 4 4 1 3 4 4 5 3 0 3 4 6 4 4 5 3 3
65         4 3 3 2 3 3 1 3 4 4 4 3 0 2 3 3 2 2 3 3
21         4 5 5 4 0 3 3 3 4 6 5 4 2 0 6 4 3 5 4 4
71         4 2 2 4 6 6 3 5 3 3 6 6 3 6 0 4 6 5 6 6
32         4 4 4 3 4 4 3 1 2 5 2 4 3 4 4 0 3 4 3 2
57         4 5 4 4 3 3 3 2 3 4 4 4 2 3 6 3 0 4 2 2
43         4 3 4 1 5 5 1 4 4 5 5 5 2 5 5 4 4 0 6 5
54         5 4 5 5 4 2 4 2 3 5 2 3 3 4 6 3 2 6 0 0
34         5 4 4 4 4 2 4 1 3 5 1 3 3 4 6 2 2 5 0 0
